%YAML:1.0
---
type: IMU
name: myimu
Gyr:
   unit: " rad/s"
   avg-axis:
      gyr_n: 2.0968735752819534e-01
      gyr_w: 7.5499184132987675e-04
   x-axis:
      gyr_n: 2.1042979171280379e-01
      gyr_w: 9.4786497593325465e-04
   y-axis:
      gyr_n: 2.0694451167280470e-01
      gyr_w: 2.8581667623076739e-04
   z-axis:
      gyr_n: 2.1168776919897753e-01
      gyr_w: 1.0312938718256084e-03
Acc:
   unit: " m/s^2"
   avg-axis:
      acc_n: 2.6603110324408913e-01
      acc_w: 3.3223337334271079e-03
   x-axis:
      acc_n: 2.6754407093344279e-01
      acc_w: 3.3750178146725479e-03
   y-axis:
      acc_n: 2.6514506862149612e-01
      acc_w: 3.1748224705488094e-03
   z-axis:
      acc_n: 2.6540417017732854e-01
      acc_w: 3.4171609150599673e-03
